<input type="hidden" name="task" value="{&quot;id&quot;:0,&quot;name&quot;:&quot;Tehnike programiranja, S_Z 1, Zadatak 2&quot;,&quot;version&quot;:&quot;3&quot;,&quot;languages&quot;:[&quot;C++&quot;],&quot;tools&quot;:{&quot;compile&quot;:{&quot;require&quot;:&quot;g++&quot;,&quot;features&quot;:[&quot;optimize&quot;,&quot;warn&quot;,&quot;pedantic&quot;,&quot;C++17&quot;]},&quot;compile[debug]&quot;:{&quot;require&quot;:&quot;g++&quot;,&quot;features&quot;:[&quot;debug&quot;,&quot;C++17&quot;,&quot;asan&quot;]},&quot;execute&quot;:{&quot;require&quot;:&quot;asan&quot;},&quot;debug&quot;:[],&quot;profile[asan]&quot;:{&quot;require&quot;:&quot;asan&quot;,&quot;input_file&quot;:&quot;stderr.txt&quot;,&quot;fast&quot;:true}},&quot;prepare&quot;:[&quot;compile&quot;],&quot;tests&quot;:[{&quot;tools&quot;:[{&quot;patch&quot;:[{&quot;position&quot;:&quot;top_of_file&quot;,&quot;code&quot;:&quot;\/\/---------------------------------------------------------------------------------------------------------------\n\/\/ Tehnike programiranja - Akademska 2024\/2025 godina\n\/\/ Zada\u0107a 1 - Zadatak 2\n\/\/ Odgovorni vi\u0161i asistent: Haris \u010capelj - hcapelj1@etf.unsa.ba\n\/\/ Za sva tehni\u010dka pitanja vezana za autotestove za zadatak 2, obratite se na navedeni mail.\n\/\/---------------------------------------------------------------------------------------------------------------&quot;},{&quot;position&quot;:&quot;main&quot;,&quot;code&quot;:&quot;\/\/ AT 1: Test main funkcije (postavka)\n    {\n        _main();\n    }&quot;}]},&quot;compile[debug]&quot;,{&quot;execute&quot;:{&quot;environment&quot;:{&quot;stdin&quot;:&quot;5 6\n2 3 3 1 2 3\n1 2 4 3 4 4\n2 3 4 5 3 2\n3 4 3 4 4 2\n1 2 3 3 4 3\n1&quot;},&quot;expect&quot;:[&quot;Unesite broj redova i kolona matrice: Unesite elemente matrice:\nUnesite red filtriranja: Matrica nakon filtriranja:\n   2.00   2.50   2.67   2.83   2.83   3.25\n   2.17   2.67   3.11   3.22   3.00   3.00\n   2.50   2.89   3.56   3.78   3.44   3.17\n   2.50   2.78   3.44   3.67   3.33   3.00\n   2.50   2.67   3.17   3.50   3.33   3.25\n&quot;]}},&quot;debug&quot;,&quot;profile[asan]&quot;],&quot;name&quot;:&quot;Test 1&quot;,&quot;id&quot;:1},{&quot;tools&quot;:[{&quot;patch&quot;:[{&quot;position&quot;:&quot;top_of_file&quot;,&quot;code&quot;:&quot;\/\/---------------------------------------------------------------------------------------------------------------\n\/\/ Tehnike programiranja - Akademska 2024\/2025 godina\n\/\/ Zada\u0107a 1 - Zadatak 2\n\/\/ Odgovorni vi\u0161i asistent: Haris \u010capelj - hcapelj1@etf.unsa.ba\n\/\/ Za sva tehni\u010dka pitanja vezana za autotestove za zadatak 2, obratite se na navedeni mail.\n\/\/---------------------------------------------------------------------------------------------------------------&quot;},{&quot;position&quot;:&quot;main&quot;,&quot;code&quot;:&quot;\/\/ AT 2: Test main funkcije (izuzetak)\n    {\n        _main();\n    }&quot;}]},&quot;compile[debug]&quot;,{&quot;execute&quot;:{&quot;environment&quot;:{&quot;stdin&quot;:&quot;2 2\n1 2\n3 4\n-4\n&quot;},&quot;expect&quot;:[&quot;Unesite broj redova i kolona matrice: Unesite elemente matrice:\nUnesite red filtriranja: GRESKA: Neispravan red filtriranja!&quot;]}},&quot;debug&quot;,&quot;profile[asan]&quot;],&quot;name&quot;:&quot;Test 2&quot;,&quot;id&quot;:2},{&quot;tools&quot;:[{&quot;patch&quot;:[{&quot;position&quot;:&quot;top_of_file&quot;,&quot;code&quot;:&quot;\/\/---------------------------------------------------------------------------------------------------------------\n\/\/ Tehnike programiranja - Akademska 2024\/2025 godina\n\/\/ Zada\u0107a 1 - Zadatak 2\n\/\/ Odgovorni vi\u0161i asistent: Haris \u010capelj - hcapelj1@etf.unsa.ba\n\/\/ Za sva tehni\u010dka pitanja vezana za autotestove za zadatak 2, obratite se na navedeni mail.\n\/\/---------------------------------------------------------------------------------------------------------------&quot;},{&quot;position&quot;:&quot;main&quot;,&quot;code&quot;:&quot;\/\/ AT 3: Test main funkcije (veci red filtriranja nad vektorom)\n    {\n        _main();\n    }&quot;}]},&quot;compile[debug]&quot;,{&quot;execute&quot;:{&quot;expect&quot;:[&quot;Unesite broj redova i kolona matrice: Unesite elemente matrice:\nUnesite red filtriranja: Matrica nakon filtriranja:\n   1.83   1.65   1.65   1.83&quot;],&quot;environment&quot;:{&quot;stdin&quot;:&quot;1 4\n1.1 2.2 2.2 1.1\n2\n&quot;}}},&quot;debug&quot;,&quot;profile[asan]&quot;],&quot;name&quot;:&quot;Test 3&quot;,&quot;id&quot;:3},{&quot;tools&quot;:[{&quot;patch&quot;:[{&quot;position&quot;:&quot;top_of_file&quot;,&quot;code&quot;:&quot;\/\/---------------------------------------------------------------------------------------------------------------\n\/\/ Tehnike programiranja - Akademska 2024\/2025 godina\n\/\/ Zada\u0107a 1 - Zadatak 2\n\/\/ Odgovorni vi\u0161i asistent: Haris \u010capelj - hcapelj1@etf.unsa.ba\n\/\/ Za sva tehni\u010dka pitanja vezana za autotestove za zadatak 2, obratite se na navedeni mail.\n\/\/---------------------------------------------------------------------------------------------------------------&quot;},{&quot;position&quot;:&quot;main&quot;,&quot;code&quot;:&quot;\/\/ AT 4: Test grbave matrice - 1\n    {\n        std::vector<std::vector<double>> mat = {{1, 2, 3}, {4, 5, 6, 7}, {8}, {9, 10}};\n        int N=2;\n\n        auto result = UsrednjavajuciFilter(mat, N);\n        for (auto row : result)\n        {\n            for (auto elem : row)\n            {\n                std::cout << elem << \&quot; \&quot;;\n            }\n            std::cout << std::endl;\n        }\n    }&quot;}]},&quot;compile[debug]&quot;,{&quot;execute&quot;:{&quot;expect&quot;:[&quot;4.14286 4.5 4.5\n5.33333 5.5 5.5 5.5\n5.33333\n7 7\n&quot;]}},&quot;debug&quot;,&quot;profile[asan]&quot;],&quot;name&quot;:&quot;Test 4&quot;,&quot;id&quot;:4},{&quot;tools&quot;:[{&quot;patch&quot;:[{&quot;position&quot;:&quot;top_of_file&quot;,&quot;code&quot;:&quot;\/\/---------------------------------------------------------------------------------------------------------------\n\/\/ Tehnike programiranja - Akademska 2024\/2025 godina\n\/\/ Zada\u0107a 1 - Zadatak 2\n\/\/ Odgovorni vi\u0161i asistent: Haris \u010capelj - hcapelj1@etf.unsa.ba\n\/\/ Za sva tehni\u010dka pitanja vezana za autotestove za zadatak 2, obratite se na navedeni mail.\n\/\/---------------------------------------------------------------------------------------------------------------&quot;},{&quot;position&quot;:&quot;main&quot;,&quot;code&quot;:&quot;\/\/ AT 5: Test grbave matrice - 2\n    {\n        std::vector<std::vector<double>> mat = {{1.171, 83}, {73.27}, {9000, 22.44}, {7, 4, 5.5, 6.2, 77.7, 1234, 56}};\n        int N=1;\n\n        auto result = UsrednjavajuciFilter(mat, N);\n        for (auto row : result)\n        {\n            for (auto elem : row)\n            {\n                std::cout << elem << \&quot; \&quot;;\n            }\n            std::cout << std::endl;\n        }\n    }&quot;}]},&quot;compile[debug]&quot;,{&quot;execute&quot;:{&quot;expect&quot;:[&quot;52.4803 52.4803\n1835.98\n1821.34 1518.7\n2258.36 1807.79 9.535 29.8 439.3 455.9 645\n&quot;]}},&quot;debug&quot;,&quot;profile[asan]&quot;],&quot;name&quot;:&quot;Test 5&quot;,&quot;id&quot;:5},{&quot;tools&quot;:[{&quot;patch&quot;:[{&quot;position&quot;:&quot;top_of_file&quot;,&quot;code&quot;:&quot;\/\/---------------------------------------------------------------------------------------------------------------\n\/\/ Tehnike programiranja - Akademska 2024\/2025 godina\n\/\/ Zada\u0107a 1 - Zadatak 2\n\/\/ Odgovorni vi\u0161i asistent: Haris \u010capelj - hcapelj1@etf.unsa.ba\n\/\/ Za sva tehni\u010dka pitanja vezana za autotestove za zadatak 2, obratite se na navedeni mail.\n\/\/---------------------------------------------------------------------------------------------------------------&quot;},{&quot;position&quot;:&quot;main&quot;,&quot;code&quot;:&quot;\/\/ AT 6: Test grbave matrice (sa negativnim brojevima) - 3\n    {\n        std::vector<std::vector<double>> mat = {{1.171, 83}, {-73.27}, {9000, 22.44}, {7, 4, -5.5, 6.2, 77.7, 1234, 56}};\n        int N=1;\n\n        auto result = UsrednjavajuciFilter(mat, N);\n        for (auto row : result)\n        {\n            for (auto elem : row)\n            {\n                std::cout << elem << \&quot; \&quot;;\n            }\n            std::cout << std::endl;\n        }\n    }&quot;}]},&quot;compile[debug]&quot;,{&quot;execute&quot;:{&quot;expect&quot;:[&quot;3.63367 3.63367\n1806.67\n1792.03 1492.44\n2258.36 1805.59 6.785 26.1333 439.3 455.9 645\n&quot;]}},&quot;debug&quot;,&quot;profile[asan]&quot;],&quot;name&quot;:&quot;Test 6&quot;,&quot;id&quot;:6},{&quot;tools&quot;:[{&quot;patch&quot;:[{&quot;position&quot;:&quot;top_of_file&quot;,&quot;code&quot;:&quot;\/\/---------------------------------------------------------------------------------------------------------------\n\/\/ Tehnike programiranja - Akademska 2024\/2025 godina\n\/\/ Zada\u0107a 1 - Zadatak 2\n\/\/ Odgovorni vi\u0161i asistent: Haris \u010capelj - hcapelj1@etf.unsa.ba\n\/\/ Za sva tehni\u010dka pitanja vezana za autotestove za zadatak 2, obratite se na navedeni mail.\n\/\/---------------------------------------------------------------------------------------------------------------&quot;},{&quot;position&quot;:&quot;main&quot;,&quot;code&quot;:&quot;\/\/ AT 7: Test ispravnosti teksta izuzetka\n    {\n        std::vector<std::vector<double>> mat = {{1.171, 83}, {-73.27}, {9000, 22.44}, {7, 4, -5.5, 6.2, 77.7, 1234, 56}};\n        int N=-123;\n\n        try\n        {\n            auto result = UsrednjavajuciFilter(mat, N);\n            for (auto row : result)\n            {\n                for (auto elem : row)\n                {\n                    std::cout << elem << \&quot; \&quot;;\n                }\n                std::cout << std::endl;\n            }\n        }\n        catch (std::domain_error e)\n        {\n            std::cout << \&quot;_\&quot; << e.what() << \&quot;_\&quot;;\n        }\n\n    }&quot;}]},&quot;compile[debug]&quot;,{&quot;execute&quot;:{&quot;expect&quot;:[&quot;_Neispravan red filtriranja_&quot;]}},&quot;debug&quot;,&quot;profile[asan]&quot;],&quot;name&quot;:&quot;Test 7&quot;,&quot;id&quot;:7},{&quot;tools&quot;:[{&quot;patch&quot;:[{&quot;position&quot;:&quot;top_of_file&quot;,&quot;code&quot;:&quot;\/\/---------------------------------------------------------------------------------------------------------------\n\/\/ Tehnike programiranja - Akademska 2024\/2025 godina\n\/\/ Zada\u0107a 1 - Zadatak 2\n\/\/ Odgovorni vi\u0161i asistent: Haris \u010capelj - hcapelj1@etf.unsa.ba\n\/\/ Za sva tehni\u010dka pitanja vezana za autotestove za zadatak 2, obratite se na navedeni mail.\n\/\/---------------------------------------------------------------------------------------------------------------&quot;},{&quot;position&quot;:&quot;main&quot;,&quot;code&quot;:&quot;\/\/ AT 8: Test velike matrice i ve\u0107eg reda filtriranja\n    {\n        std::vector<std::vector<double>> mat(20);\n        int N=8;\n\n        double broj = 27.5;\n        for (int i{} ; i<20 ; i++)\n            for (int j{} ; j<20 ; j++)\n                mat[i].push_back(broj+(i+j)\/2.);\n\n        try\n        {\n            auto result = UsrednjavajuciFilter(mat, N);\n            for (auto row : result)\n            {\n                for (auto elem : row)\n                {\n                    std::cout << elem << \&quot; \&quot;;\n                }\n                std::cout << std::endl;\n            }\n        }\n        catch (std::domain_error e)\n        {\n            std::cout << \&quot;_\&quot; << e.what() << \&quot;_\&quot;;\n        }\n    }&quot;}]},&quot;compile[debug]&quot;,{&quot;execute&quot;:{&quot;expect&quot;:[&quot;31.5 31.75 32 32.25 32.5 32.75 33 33.25 33.5 34 34.5 35 35.25 35.5 35.75 36 36.25 36.5 36.75 37\n31.75 32 32.25 32.5 32.75 33 33.25 33.5 33.75 34.25 34.75 35.25 35.5 35.75 36 36.25 36.5 36.75 37 37.25\n32 32.25 32.5 32.75 33 33.25 33.5 33.75 34 34.5 35 35.5 35.75 36 36.25 36.5 36.75 37 37.25 37.5\n32.25 32.5 32.75 33 33.25 33.5 33.75 34 34.25 34.75 35.25 35.75 36 36.25 36.5 36.75 37 37.25 37.5 37.75\n32.5 32.75 33 33.25 33.5 33.75 34 34.25 34.5 35 35.5 36 36.25 36.5 36.75 37 37.25 37.5 37.75 38\n32.75 33 33.25 33.5 33.75 34 34.25 34.5 34.75 35.25 35.75 36.25 36.5 36.75 37 37.25 37.5 37.75 38 38.25\n33 33.25 33.5 33.75 34 34.25 34.5 34.75 35 35.5 36 36.5 36.75 37 37.25 37.5 37.75 38 38.25 38.5\n33.25 33.5 33.75 34 34.25 34.5 34.75 35 35.25 35.75 36.25 36.75 37 37.25 37.5 37.75 38 38.25 38.5 38.75\n33.5 33.75 34 34.25 34.5 34.75 35 35.25 35.5 36 36.5 37 37.25 37.5 37.75 38 38.25 38.5 38.75 39\n34 34.25 34.5 34.75 35 35.25 35.5 35.75 36 36.5 37 37.5 37.75 38 38.25 38.5 38.75 39 39.25 39.5\n34.5 34.75 35 35.25 35.5 35.75 36 36.25 36.5 37 37.5 38 38.25 38.5 38.75 39 39.25 39.5 39.75 40\n35 35.25 35.5 35.75 36 36.25 36.5 36.75 37 37.5 38 38.5 38.75 39 39.25 39.5 39.75 40 40.25 40.5\n35.25 35.5 35.75 36 36.25 36.5 36.75 37 37.25 37.75 38.25 38.75 39 39.25 39.5 39.75 40 40.25 40.5 40.75\n35.5 35.75 36 36.25 36.5 36.75 37 37.25 37.5 38 38.5 39 39.25 39.5 39.75 40 40.25 40.5 40.75 41\n35.75 36 36.25 36.5 36.75 37 37.25 37.5 37.75 38.25 38.75 39.25 39.5 39.75 40 40.25 40.5 40.75 41 41.25\n36 36.25 36.5 36.75 37 37.25 37.5 37.75 38 38.5 39 39.5 39.75 40 40.25 40.5 40.75 41 41.25 41.5\n36.25 36.5 36.75 37 37.25 37.5 37.75 38 38.25 38.75 39.25 39.75 40 40.25 40.5 40.75 41 41.25 41.5 41.75\n36.5 36.75 37 37.25 37.5 37.75 38 38.25 38.5 39 39.5 40 40.25 40.5 40.75 41 41.25 41.5 41.75 42\n36.75 37 37.25 37.5 37.75 38 38.25 38.5 38.75 39.25 39.75 40.25 40.5 40.75 41 41.25 41.5 41.75 42 42.25\n37 37.25 37.5 37.75 38 38.25 38.5 38.75 39 39.5 40 40.5 40.75 41 41.25 41.5 41.75 42 42.25 42.5\n&quot;]}},&quot;debug&quot;,&quot;profile[asan]&quot;],&quot;name&quot;:&quot;Test 8&quot;,&quot;id&quot;:8},{&quot;tools&quot;:[{&quot;patch&quot;:[{&quot;position&quot;:&quot;top_of_file&quot;,&quot;code&quot;:&quot;\/\/---------------------------------------------------------------------------------------------------------------\n\/\/ Tehnike programiranja - Akademska 2024\/2025 godina\n\/\/ Zada\u0107a 1 - Zadatak 2\n\/\/ Odgovorni vi\u0161i asistent: Haris \u010capelj - hcapelj1@etf.unsa.ba\n\/\/ Za sva tehni\u010dka pitanja vezana za autotestove za zadatak 2, obratite se na navedeni mail.\n\/\/---------------------------------------------------------------------------------------------------------------&quot;},{&quot;position&quot;:&quot;main&quot;,&quot;code&quot;:&quot;\/\/ AT 9: (S-1) Ukoliko je filtriranje 0, nema filtriranja\n    {\n        std::vector<std::vector<double>> mat = {{1,2,3,4}, {1,2,3,4}, {1,2,3,4}, {1,2,3,4}};\n        int N=0;\n\n        try\n        {\n            auto result = UsrednjavajuciFilter(mat, N);\n            for (auto row : result)\n            {\n                for (auto elem : row)\n                {\n                    std::cout << elem << \&quot; \&quot;;\n                }\n                std::cout << std::endl;\n            }\n        }\n        catch (std::domain_error e)\n        {\n            std::cout << \&quot;_\&quot; << e.what() << \&quot;_\&quot;;\n        }\n    }&quot;}]},&quot;compile[debug]&quot;,{&quot;execute&quot;:{&quot;expect&quot;:[&quot;1 2 3 4\n1 2 3 4\n1 2 3 4\n1 2 3 4\n&quot;]}},&quot;debug&quot;,&quot;profile[asan]&quot;],&quot;name&quot;:&quot;Test 9&quot;,&quot;id&quot;:9,&quot;options&quot;:[&quot;hidden&quot;]},{&quot;tools&quot;:[{&quot;patch&quot;:[{&quot;position&quot;:&quot;top_of_file&quot;,&quot;code&quot;:&quot;\/\/---------------------------------------------------------------------------------------------------------------\n\/\/ Tehnike programiranja - Akademska 2024\/2025 godina\n\/\/ Zada\u0107a 1 - Zadatak 2\n\/\/ Odgovorni vi\u0161i asistent: Haris \u010capelj - hcapelj1@etf.unsa.ba\n\/\/ Za sva tehni\u010dka pitanja vezana za autotestove za zadatak 2, obratite se na navedeni mail.\n\/\/---------------------------------------------------------------------------------------------------------------&quot;},{&quot;position&quot;:&quot;main&quot;,&quot;code&quot;:&quot;\/\/ AT 10: (S-2) Ukoliko je filtriranje vece od dimenzija matrice, svi isti\n    {\n        std::vector<std::vector<double>> mat = {{1,2,3,4}, {1,2,3,4}, {1,2,3,4}, {1,2,3,4}};\n        int N=10;\n\n        try\n        {\n            auto result = UsrednjavajuciFilter(mat, N);\n            for (auto row : result)\n            {\n                for (auto elem : row)\n                {\n                    std::cout << elem << \&quot; \&quot;;\n                }\n                std::cout << std::endl;\n            }\n        }\n        catch (std::domain_error e)\n        {\n            std::cout << \&quot;_\&quot; << e.what() << \&quot;_\&quot;;\n        }\n    }&quot;}]},&quot;compile[debug]&quot;,{&quot;execute&quot;:{&quot;expect&quot;:[&quot;2.5 2.5 2.5 2.5\n2.5 2.5 2.5 2.5\n2.5 2.5 2.5 2.5\n2.5 2.5 2.5 2.5\n&quot;]}},&quot;debug&quot;,&quot;profile[asan]&quot;],&quot;name&quot;:&quot;Test 10&quot;,&quot;id&quot;:10,&quot;options&quot;:[&quot;hidden&quot;]}],&quot;code&quot;:&quot;200&quot;}">
